0 0.26953125 0.0595703125 0.2470703125 0.1123046875
0 0.1513671875 0.24609375 0.2783203125 0.33203125
0 0.287109375 0.4248046875 0.267578125 0.2734375
0 0.72265625 0.0517578125 0.26953125 0.0927734375
0 0.578125 0.1533203125 0.283203125 0.244140625
0 0.478515625 0.3037109375 0.2724609375 0.30859375
0 0.9541015625 0.177734375 0.091796875 0.2587890625
0 0.744140625 0.5126953125 0.2822265625 0.234375
0 0.546875 0.693359375 0.2783203125 0.3017578125
0 0.76171875 0.888671875 0.265625 0.22265625
0 0.2841796875 0.9013671875 0.240234375 0.1962890625
0 0.134765625 0.6787109375 0.244140625 0.2734375
0 0.9375 0.6796875 0.1240234375 0.25