0 0.30859375 0.0712890625 0.2666015625 0.1416015625
0 0.1865234375 0.2685546875 0.2724609375 0.3134765625
0 0.3212890625 0.44921875 0.265625 0.2412109375
0 0.451171875 0.267578125 0.267578125 0.2763671875
0 0.76953125 0.0615234375 0.2451171875 0.1181640625
0 0.763671875 0.5234375 0.25390625 0.259765625
0 0.5888671875 0.716796875 0.283203125 0.2919921875
0 0.806640625 0.896484375 0.2646484375 0.1962890625
0 0.3251953125 0.9140625 0.216796875 0.171875
0 0.1591796875 0.6923828125 0.267578125 0.2802734375
0 0.9619140625 0.689453125 0.076171875 0.259765625