0 0.126953125 0.1015625 0.2509765625 0.193359375
0 0.267578125 0.216796875 0.2705078125 0.2548828125
0 0.4638671875 0.3095703125 0.2919921875 0.2421875
0 0.529296875 0.498046875 0.322265625 0.3046875
0 0.7333984375 0.7080078125 0.28125 0.3037109375
0 0.5625 0.8544921875 0.26953125 0.26953125
0 0.2578125 0.7255859375 0.2529296875 0.2763671875
0 0.193359375 0.912109375 0.2861328125 0.1591796875
0 0.109375 0.46484375 0.21875 0.2763671875
0 0.5302734375 0.072265625 0.2900390625 0.130859375
0 0.935546875 0.0634765625 0.1279296875 0.1142578125
0 0.732421875 0.1962890625 0.2763671875 0.1953125
0 0.927734375 0.888671875 0.140625 0.2060546875