0 0.3330078125 0.052734375 0.259765625 0.10546875
0 0.1904296875 0.2001953125 0.322265625 0.3671875
0 0.2998046875 0.3955078125 0.302734375 0.30859375
0 0.783203125 0.0869140625 0.279296875 0.12890625
0 0.6259765625 0.16796875 0.314453125 0.28125
0 0.505859375 0.302734375 0.3125 0.34375
0 0.96484375 0.244140625 0.0703125 0.26953125
0 0.740234375 0.546875 0.3125 0.271484375
0 0.51953125 0.6982421875 0.318359375 0.337890625
0 0.7041015625 0.8955078125 0.294921875 0.208984375
0 0.23046875 0.8671875 0.265625 0.228515625
0 0.1259765625 0.625 0.251953125 0.3046875
0 0.908203125 0.7392578125 0.158203125 0.265625