0 0.0947265625 0.1943359375 0.189453125 0.244140625
0 0.2099609375 0.2763671875 0.3203125 0.30859375
0 0.421875 0.322265625 0.33984375 0.30078125
0 0.5283203125 0.4912109375 0.3828125 0.369140625
0 0.7744140625 0.650390625 0.341796875 0.359375
0 0.640625 0.8310546875 0.32421875 0.32421875
0 0.314453125 0.7744140625 0.30859375 0.326171875
0 0.2939453125 0.9306640625 0.314453125 0.138671875
0 0.1240234375 0.5537109375 0.248046875 0.318359375
0 0.43359375 0.0859375 0.3125 0.171875
0 0.8251953125 0.0234375 0.150390625 0.046875
0 0.658203125 0.1513671875 0.3125 0.251953125
0 0.9560546875 0.7822265625 0.087890625 0.232421875