0 0.4033203125 0.162109375 0.357421875 0.32421875
0 0.318359375 0.0673828125 0.3125 0.134765625
0 0.162109375 0.322265625 0.3203125 0.353515625
0 0.1904296875 0.62890625 0.345703125 0.359375
0 0.1171875 0.7666015625 0.234375 0.263671875
0 0.4189453125 0.83984375 0.361328125 0.3203125
0 0.6318359375 0.7939453125 0.384765625 0.39453125
0 0.7451171875 0.9560546875 0.201171875 0.087890625
0 0.83203125 0.3076171875 0.322265625 0.283203125
0 0.6953125 0.111328125 0.31640625 0.22265625
0 0.548828125 0.318359375 0.369140625 0.357421875
0 0.533203125 0.5205078125 0.41015625 0.396484375