0 0.275390625 0.2158203125 0.27734375 0.2626953125
0 0.1357421875 0.103515625 0.255859375 0.1982421875
0 0.119140625 0.46875 0.2255859375 0.2890625
0 0.265625 0.7392578125 0.2548828125 0.2822265625
0 0.20703125 0.9150390625 0.29296875 0.162109375
0 0.56640625 0.8623046875 0.2783203125 0.271484375
0 0.736328125 0.71875 0.287109375 0.306640625
0 0.9345703125 0.8955078125 0.130859375 0.208984375
0 0.73046875 0.193359375 0.2685546875 0.1943359375
0 0.9384765625 0.0595703125 0.12109375 0.1123046875
0 0.52734375 0.064453125 0.291015625 0.123046875
0 0.4736328125 0.3134765625 0.2880859375 0.265625
0 0.5390625 0.505859375 0.3193359375 0.294921875