0 0.31640625 0.0703125 0.26953125 0.140625
0 0.1904296875 0.2626953125 0.27734375 0.318359375
0 0.322265625 0.4462890625 0.26953125 0.24609375
0 0.455078125 0.2666015625 0.271484375 0.28125
0 0.77734375 0.06640625 0.248046875 0.123046875
0 0.763671875 0.5283203125 0.2578125 0.263671875
0 0.5849609375 0.71875 0.2890625 0.296875
0 0.7998046875 0.900390625 0.267578125 0.19921875
0 0.318359375 0.9111328125 0.220703125 0.17578125
0 0.15625 0.6865234375 0.271484375 0.28515625
0 0.958984375 0.697265625 0.080078125 0.26171875