0 0.322265625 0.1845703125 0.314453125 0.302734375
0 0.2021484375 0.0849609375 0.283203125 0.169921875
0 0.130859375 0.408203125 0.26171875 0.3203125
0 0.2314453125 0.69921875 0.294921875 0.318359375
0 0.1513671875 0.8642578125 0.302734375 0.205078125
0 0.5078125 0.85546875 0.31640625 0.2890625
0 0.69921875 0.7529296875 0.33203125 0.34765625
0 0.8662109375 0.9228515625 0.162109375 0.154296875
0 0.775390625 0.2333984375 0.294921875 0.234375
0 0.966796875 0.1328125 0.06640625 0.12890625
0 0.5947265625 0.0791015625 0.306640625 0.158203125
0 0.5029296875 0.3115234375 0.326171875 0.306640625
0 0.5380859375 0.51171875 0.361328125 0.341796875