0 0.2646484375 0.09375 0.279296875 0.16796875
0 0.1640625 0.302734375 0.3046875 0.33984375
0 0.3173828125 0.4677734375 0.2890625 0.267578125
0 0.4267578125 0.2744140625 0.294921875 0.302734375
0 0.7216796875 0.0537109375 0.255859375 0.107421875
0 0.7646484375 0.49609375 0.279296875 0.28515625
0 0.611328125 0.7060546875 0.3125 0.3203125
0 0.8466796875 0.8623046875 0.283203125 0.22265625
0 0.369140625 0.916015625 0.234375 0.16796875
0 0.181640625 0.7265625 0.294921875 0.306640625
0 0.9638671875 0.638671875 0.072265625 0.265625