0 0.193359375 0.0810546875 0.27734375 0.162109375
0 0.314453125 0.18359375 0.306640625 0.294921875
0 0.494140625 0.306640625 0.326171875 0.28515625
0 0.529296875 0.5029296875 0.365234375 0.3515625
0 0.6982421875 0.7421875 0.326171875 0.34375
0 0.505859375 0.8525390625 0.30859375 0.294921875
0 0.2255859375 0.6845703125 0.29296875 0.3125
0 0.142578125 0.8583984375 0.28515625 0.201171875
0 0.125 0.4033203125 0.25 0.306640625
0 0.5966796875 0.083984375 0.306640625 0.16796875
0 0.962890625 0.13671875 0.07421875 0.1328125
0 0.77734375 0.236328125 0.302734375 0.236328125
0 0.861328125 0.9189453125 0.171875 0.162109375