0 0.3251953125 0.052734375 0.259765625 0.10546875
0 0.1845703125 0.205078125 0.31640625 0.36328125
0 0.2978515625 0.3994140625 0.298828125 0.3046875
0 0.775390625 0.08203125 0.279296875 0.125
0 0.6201171875 0.1650390625 0.310546875 0.27734375
0 0.5029296875 0.302734375 0.30859375 0.33984375
0 0.9638671875 0.2353515625 0.072265625 0.267578125
0 0.7412109375 0.5419921875 0.30859375 0.267578125
0 0.5234375 0.697265625 0.3125 0.333984375
0 0.7119140625 0.8955078125 0.291015625 0.208984375
0 0.2373046875 0.8720703125 0.26171875 0.224609375
0 0.1259765625 0.6328125 0.251953125 0.30078125
0 0.912109375 0.7314453125 0.154296875 0.263671875